0, 141516;
1, 141516;
2, 141516;
3, null;
4, 1314151617;
5, 1314151617;
6, 1314151617;
7, 1314151617;
8, 1314151617;
9, null;
10, 121318;
11, 121318;
12, 121318;
13, null;
14, 1219;
15, 1219;
16, null;
17, 1119;
18, 1119;
19, null;
20, 11;
21, null;
22, 205253;
23, 205253;
24, 205253;
25, null;
26, 10205153;
27, 10205153;
28, 10205153;
29, 10205153;
30, null;
31, 105051;
32, 105051;
33, 105051;
34, null;
35, 214950;
36, 214950;
37, 214950;
38, null;
39, 92149;
40, 92149;
41, 92149;
42, null;
43, 94854;
44, 94854;
45, 94854;
46, null;
47, 4854;
48, 4854;
49, null;
50, 822;
51, 822;
52, null;
53, 82247;
54, 82247;
55, 82247;
56, null;
57, 84755;
58, 84755;
59, 84755;
60, null;
61, 55;
62, null;
63, 7234655;
64, 7234655;
65, 7234655;
66, 7234655;
67, null;
68, 72346;
69, 72346;
70, 72346;
71, null;
72, 2346;
73, 2346;
74, null;
75, 5689;
76, 5689;
77, null;
78, 645568889;
79, 645568889;
80, 645568889;
81, 645568889;
82, 645568889;
83, null;
84, 645568890;
85, 645568890;
86, 645568890;
87, 645568890;
88, 645568890;
89, null;
90, 24458790;
91, 24458790;
92, 24458790;
93, 24458790;
94, null;
95, 2487;
96, 2487;
97, null;
98, 586;
99, 586;
100, null;
101, 544578691;
102, 544578691;
103, 544578691;
104, 544578691;
105, 544578691;
106, null;
107, 5445791;
108, 5445791;
109, 5445791;
110, 5445791;
111, null;
112, 25445791;
113, 25445791;
114, 25445791;
115, 25445791;
116, null;
117, 25;
118, null;
119, 4258592;
120, 4258592;
121, 4258592;
122, 4258592;
123, null;
124, 48592;
125, 48592;
126, 48592;
127, null;
128, 4435892;
129, 4435892;
130, 4435892;
131, 4435892;
132, null;
133, 264358;
134, 264358;
135, 264358;
136, null;
137, 26435893;
138, 26435893;
139, 26435893;
140, 26435893;
141, null;
142, 38493;
143, 38493;
144, 38493;
145, null;
146, 38493;
147, 38493;
148, 38493;
149, null;
150, 342;
151, 342;
152, null;
153, 3274294;
154, 3274294;
155, 3274294;
156, 3274294;
157, null;
158, 2794;
159, 2794;
160, null;
161, 8395;
162, 8395;
163, null;
164, 598395;
165, 598395;
166, 598395;
167, null;
168, 2284159;
169, 2284159;
170, 2284159;
171, 2284159;
172, null;
173, 2284196;
174, 2284196;
175, 2284196;
176, 2284196;
177, null;
178, 2284196;
179, 2284196;
180, 2284196;
181, 2284196;
182, null;
183, 28296;
184, 28296;
185, 28296;
186, null;
187, 2982;
188, 2982;
189, null;
190, 296097;
191, 296097;
192, 296097;
193, null;
194, 6098;
195, 6098;
196, null;
197, 3040608198;
198, 3040608198;
199, 3040608198;
200, 3040608198;
201, 3040608198;
202, null;
203, 30408198;
204, 30408198;
205, 30408198;
206, 30408198;
207, null;
208, 140;
209, 140;
210, null;
211, 1408099;
212, 1408099;
213, 1408099;
214, 1408099;
215, null;
216, 1316180;
217, 1316180;
218, 1316180;
219, 1316180;
220, null;
221, 1316180;
222, 1316180;
223, 1316180;
224, 1316180;
225, null;
226, 161;
227, 161;
228, null;
229, 13279;
230, 13279;
231, 13279;
232, null;
233, 3279;
234, 3279;
235, null;
236, 3339;
237, 3339;
238, null;
239, 33396278;
240, 33396278;
241, 33396278;
242, 33396278;
243, null;
244, 396278;
245, 396278;
246, 396278;
247, null;
248, 3462;
249, 3462;
250, null;
251, 3477;
252, 3477;
253, null;
254, 353677;
255, 353677;
256, 353677;
257, null;
258, 363863;
259, 363863;
260, 363863;
261, null;
262, 373863;
263, 373863;
264, 373863;
265, null;
266, 37386376;
267, 37386376;
268, 37386376;
269, 37386376;
270, null;
271, 76;
272, null;
273, 75;
274, null;
275, 6475;
276, 6475;
277, null;
278, 64;
279, null;
280, null;
281, 74;
282, null;
283, 6574;
284, 6574;
285, null;
286, 65;
287, null;
288, 6673;
289, 6673;
290, null;
291, 6773;
292, 6773;
293, null;
294, 677273;
295, 677273;
296, 677273;
297, null;
298, 6872;
299, 6872;
300, null;
301, 697071;
302, 697071;
303, 697071;
304, null;
305, 7071;
306, 7071;
307, null;
308, null;
309, null;
310, null;
311, null;
312, null;
313, null;
314, null;
315, null;
316, null;
317, null;
318, null;
